2.046102523803711
6.822394847869873
23.952388763427734
6.982301712036133
9.695072174072266
12.347497940063477
8.808807373046875
6.549971580505371
8.622796058654785
9.640201568603516
2.049294948577881
17.643020629882812
13.534257888793945
15.895576477050781
10.959010124206543
10.275320053100586
2.0455970764160156
19.63742446899414
12.454988479614258
16.004959106445312
12.335602760314941
10.794966697692871
9.948844909667969
10.364522933959961
10.847097396850586
9.881660461425781
8.565461158752441
8.356962203979492
8.907577514648438
8.955049514770508
8.380692481994629
7.831219673156738
7.8089141845703125
7.817282676696777
7.863581657409668
7.503848075866699
7.437831878662109
7.193559169769287
6.846633434295654
7.028306007385254
6.982577800750732
6.638434410095215
6.5478739738464355
6.415201663970947
6.334484577178955
6.151967525482178
6.245547294616699
5.713231086730957
5.873308181762695
5.8334150314331055
5.66837215423584
5.514307975769043
5.615571022033691
5.360925674438477
5.5437188148498535
5.369444847106934
5.351860046386719
5.242470741271973
5.222610950469971
5.068880558013916
5.2484588623046875
4.990973949432373
4.970562934875488
4.964843273162842
4.946463108062744
4.78434419631958
5.02697229385376
4.801623821258545
4.723604679107666
4.882004737854004
4.741363048553467
4.634167671203613
4.649096488952637
4.624645233154297
4.615904808044434
4.515106201171875
4.416637420654297
4.37040376663208
4.328273773193359
4.282515525817871
4.259222507476807
4.234447479248047
4.240142822265625
4.247589588165283
4.250567436218262
4.250361919403076
4.216196060180664
4.198975563049316
4.185413360595703
4.182738304138184
4.178091049194336
4.179439067840576
4.1884684562683105
4.186338424682617
4.176299571990967
4.168087959289551
4.170346736907959
4.1577253341674805
4.151159286499023
4.14357328414917
4.1419830322265625
4.150051593780518
4.142818450927734
4.135372638702393
4.115566253662109
4.101980209350586
4.0872015953063965
4.085174560546875
4.085872650146484
4.096408367156982
4.095414161682129
4.097291469573975
4.0918779373168945
4.078322410583496
4.062469005584717
4.049647331237793
4.027601718902588
4.026235580444336
4.042139053344727
4.033635139465332
4.015000343322754
4.013886451721191
4.003170013427734
3.9715576171875
3.90885329246521
3.857285737991333
3.8131775856018066
3.780463933944702
3.7307004928588867
3.733051300048828
3.753896951675415
3.7831015586853027
3.7864365577697754
3.7747864723205566
3.7496299743652344
3.741103410720825
3.7206554412841797
3.7257165908813477
3.7186875343322754
3.7218618392944336
3.7178473472595215
3.719066858291626
3.705477476119995
3.7054443359375
3.723963737487793
3.6992671489715576
3.7003865242004395
3.6986043453216553
3.69537353515625
3.695535182952881
3.6945719718933105
3.6931004524230957
3.6898927688598633
3.6835222244262695
3.687127113342285
3.672947406768799
3.665832996368408
3.670900821685791
3.6666221618652344
3.6660094261169434
3.649686813354492
3.6478753089904785
3.650393009185791
3.6413588523864746
3.6441092491149902
3.631603240966797
3.617739200592041
3.619277000427246
3.6111347675323486
3.6034629344940186
3.595439910888672
3.5833752155303955
3.5756235122680664
3.5703632831573486
3.565483808517456
3.560232162475586
3.556300163269043
3.547546148300171
3.543759346008301
3.5381598472595215
3.536937713623047
3.532081127166748
3.524562358856201
3.527608871459961
3.525480270385742
3.5248007774353027
3.5270447731018066
3.5136635303497314
3.511202335357666
3.5101478099823
3.4969663619995117
3.4890341758728027
3.4941515922546387
3.4765706062316895
3.4717066287994385
3.472105026245117
3.470776081085205
3.465973377227783
3.4686524868011475
3.4674148559570312
3.468583583831787
3.458390712738037
3.4613559246063232
3.469273567199707
3.4677255153656006
3.4586734771728516
3.4572067260742188
3.462754487991333
3.4618654251098633
3.4569504261016846
3.4627180099487305
3.460897445678711
3.4576058387756348
3.4624061584472656
3.4633243083953857
3.4682908058166504
3.4593915939331055
3.4544284343719482
3.4564638137817383
3.4538540840148926
3.460456609725952
3.4562387466430664
3.4575462341308594
3.4530584812164307
3.4571852684020996
3.458371877670288
3.4555318355560303
3.4627532958984375
3.462529182434082
3.455869436264038
3.4610016345977783
3.4602627754211426
3.4575355052948
3.458401918411255
3.452950954437256
3.4542720317840576
3.4682905673980713
3.460249185562134
3.4554710388183594
3.4471049308776855
3.446125030517578
3.4487619400024414
3.4439103603363037
3.44108510017395
3.451277256011963
3.4405877590179443
3.441647529602051
3.444739818572998
3.439958095550537
3.440829277038574
3.4400930404663086
3.4440665245056152
3.442552089691162
3.4445016384124756
3.443742036819458
3.43624210357666
3.4441044330596924
3.4473438262939453
3.44453501701355
3.437847375869751
3.4362802505493164
3.4402191638946533
3.4424026012420654
3.4408562183380127
3.4421541690826416
3.439509153366089
3.4380435943603516
3.4453959465026855
3.435800552368164
3.4348831176757812
3.439842700958252
3.4422848224639893
3.444014072418213
3.4424891471862793
3.445268392562866
3.433110237121582
